70

10
6 19
22 71 34 62 81
13 11
54 50 63 86 58 25 22 47 46 34 31 63
11 67
9 76 81 1 8 17 16 87 82 65
11 58
1 22 63 83 34 85 34 84 95 21
13 38
99 67 33 4 60 93 77 67 59 91 15 85
9 85
83 43 8 92 39 96 76 19
11 9
34 77 8 3 42 68 89 24 47 63
11 97
41 79 54 85 9 8 91 10 68 74
9 32
42 75 44 93 63 17 6 32
6 83
86 85 91 61 93
10
10 2 6 8 12
10 3 4 2 41
6 8 3 2 23
4 5 3 6 29
7 7 1 2 15
9 7 2 3 54
2 8 3 7 99
4 7 7 7 100
9 3 6 1 66
1 1 2 1 42
10
8 10 10 4
6 6 10 1
6 3 10 4
5 6 8 4
8 2 1 1
7 10 9 5
4 4 9 2
5 3 5 7
2 7 3 7
10 5 8 5

10
2 80
57
2 68
25
2 58
58
2 1
78
2 61
11
2 44
33
2 44
47
2 4
2
2 58
87
2 64
23
9
1 2 2 1 23
2 2 3 1 35
3 2 4 1 21
4 2 5 1 18
1 2 6 1 98
4 2 7 1 24
5 2 8 1 34
6 2 9 1 78
3 2 10 1 73
10
2 1 10 1
4 1 3 1
6 1 2 1
8 1 7 1
5 1 4 1
5 1 3 1
10 1 2 1
9 1 7 1
7 1 2 1
2 1 6 1

10
11 90
15 48 49 4 35 35 62 14 23 5
10 56
91 98 33 25 5 5 74 11 75
10 76
40 49 22 7 38 17 34 7 60
10 100
61 90 70 90 87 53 30 12 49
17 31
51 53 95 24 86 2 42 79 69 10 18 8 5 19 21 46
8 87
1 38 56 53 72 69 96
6 96
68 68 45 1 93
9 18
40 9 44 88 28 77 59 66
8 63
71 10 94 32 6 11 37
11 38
47 6 75 76 12 11 52 51 18 4
10
5 6 1 6 89
9 2 6 5 23
5 5 9 1 70
5 16 6 4 86
6 4 9 6 81
3 5 1 7 18
6 2 9 5 40
8 4 1 6 14
6 5 9 2 18
9 4 3 2 16
10
1 9 9 4
6 5 1 4
1 1 10 8
7 5 6 7
1 3 7 1
10 6 10 7
9 7 5 11
8 5 6 7
2 8 9 1
10 10 3 6

10
13 89
95 62 17 12 8 82 21 17 81 79 89 51
9 76
33 94 66 17 78 39 24 32
7 68
8 13 20 51 12 33
9 36
27 46 3 16 60 47 83 76
12 45
21 31 35 26 28 43 57 6 40 37 69
9 83
62 59 59 76 90 56 75 52
9 92
89 64 12 91 8 36 51 73
9 70
15 60 80 15 2 89 85 71
13 69
90 3 98 3 98 69 64 2 100 33 40 30
10 27
65 56 94 11 17 16 6 7 95
10
9 7 5 1 15
1 5 8 4 57
9 4 7 1 97
8 8 7 3 100
3 6 2 2 38
6 2 10 2 14
6 6 8 8 42
3 2 2 5 30
3 6 5 1 49
10 6 5 8 22
10
9 5 10 4
6 1 2 5
7 4 3 2
7 1 2 4
9 9 10 5
5 5 5 1
1 11 10 1
1 4 10 8
2 5 7 7
3 6 10 9

10
2 48
78
2 14
79
2 69
50
2 19
5
2 72
50
2 53
55
2 46
76
2 27
34
2 16
6
2 36
48
9
1 2 2 1 5
1 2 3 1 91
1 2 4 1 51
4 2 5 1 22
1 2 6 1 30
2 2 7 1 56
7 2 8 1 96
6 2 9 1 30
4 2 10 1 5
10
9 1 7 1
2 1 10 1
4 1 7 1
6 1 8 1
9 1 8 1
2 1 7 1
8 1 3 1
9 1 5 1
4 1 6 1
8 1 7 1

10
11 12
63 17 50 77 28 85 99 19 81 36
10 16
35 31 49 98 68 38 35 62 42
8 21
56 47 86 32 81 43 93
8 17
21 27 81 31 98 85 9
8 1
2 57 72 3 55 67 26
13 7
42 75 96 24 33 46 2 79 40 7 97 65
7 11
57 89 14 35 62 43
12 90
51 86 49 49 36 36 92 47 78 53 8
11 77
67 65 40 52 50 5 89 1 100 88
12 72
34 52 65 13 98 23 68 34 11 93 91
10
2 9 1 7 99
9 3 6 3 36
6 7 7 1 7
10 6 8 10 63
1 6 10 11 74
3 4 8 1 10
10 11 1 1 47
10 5 9 7 71
4 1 5 7 38
2 4 6 5 96
10
10 1 2 8
10 4 1 10
4 2 10 3
10 9 6 4
1 4 6 5
4 3 10 3
3 7 2 5
5 5 1 4
3 4 5 7
8 4 4 2

10
13 46
4 83 78 44 35 19 42 33 95 84 4 2
11 79
86 85 59 43 33 91 99 91 68 14
4 5
52 22 8
9 59
47 12 30 100 56 31 57 72
5 1
39 79 94 79
10 52
100 84 63 33 44 13 51 38 19
13 75
45 5 99 75 95 80 72 49 65 6 65 15
15 20
75 99 58 41 24 39 61 13 78 17 34 19 92 48
12 94
73 72 68 76 35 78 44 2 10 64 17
8 25
21 18 36 13 34 66 68
10
3 3 4 1 4
6 2 9 5 61
7 9 8 11 86
7 12 8 10 86
1 11 4 6 31
5 4 8 10 54
7 3 5 2 3
8 3 4 3 78
4 3 2 1 36
8 14 3 3 85
10
8 1 4 1
3 2 6 9
3 1 9 4
3 3 10 4
3 1 9 4
4 8 10 7
7 7 5 4
7 7 10 5
9 9 5 1
6 8 8 12

10
11 28
47 75 73 79 65 92 91 36 55 41
4 28
87 41 91
10 86
60 86 32 70 46 92 69 90 87
10 62
20 77 32 46 95 56 65 6 11
10 68
93 7 52 59 33 12 35 13 78
15 72
49 48 67 41 95 86 66 85 81 37 96 84 48 69
12 31
91 62 13 9 23 3 89 31 41 67 12
12 77
66 15 65 57 70 67 9 90 97 88 47
7 97
78 75 80 30 18 94
9 21
36 14 59 37 88 26 21 76
10
8 11 6 3 22
1 9 9 5 19
3 4 1 9 61
8 7 2 1 80
4 3 6 7 100
4 7 5 7 58
8 7 10 6 45
5 2 4 1 96
4 8 3 5 8
3 6 5 7 27
10
6 2 1 1
6 4 4 9
6 7 8 7
4 9 2 1
2 2 3 4
5 3 8 8
3 6 2 1
1 10 5 5
9 5 7 4
7 7 5 1

10
9 87
53 3 39 60 96 91 26 60
13 91
32 54 72 71 16 88 33 91 51 17 77 42
11 32
2 97 94 36 72 70 27 46 1 28
13 21
33 97 91 89 72 59 30 45 9 74 6 58
10 1
26 67 7 8 19 11 29 45 46
7 23
48 49 19 96 99 1
11 63
80 84 65 32 45 35 49 12 45 84
7 36
28 23 53 93 6 63
12 97
79 34 57 1 85 77 60 77 96 6 82
7 86
47 15 65 71 60 90
10
1 3 9 10 64
5 6 1 8 2
4 12 6 2 8
6 5 4 12 20
2 5 10 5 65
1 5 2 11 18
9 10 8 2 82
1 4 5 4 99
7 6 2 8 57
1 7 9 1 11
10
8 5 3 7
1 3 9 8
2 8 2 3
1 5 2 2
3 9 9 10
8 5 1 1
10 2 2 7
8 3 1 2
6 1 4 10
4 11 3 7

10
2 5
8
2 29
66
2 80
11
2 25
97
2 92
76
2 20
84
2 50
18
2 82
68
2 87
21
2 39
69
9
1 2 2 1 20
1 2 3 1 100
2 2 4 1 54
2 2 5 1 42
2 2 6 1 4
2 2 7 1 61
5 2 8 1 55
2 2 9 1 16
8 2 10 1 18
10
2 1 7 1
1 1 10 1
4 1 8 1
6 1 9 1
3 1 9 1
6 1 1 1
4 1 10 1
7 1 1 1
2 1 4 1
8 1 9 1

10
11 45
37 63 86 89 53 73 100 56 45 19
5 66
73 7 77 41
9 65
63 63 75 56 67 10 36 28
8 72
71 81 17 42 53 87 88
14 33
47 51 4 97 60 50 78 83 31 92 4 27 54
12 91
14 59 36 85 83 84 2 55 79 62 23
10 47
11 41 52 80 93 73 45 36 83
6 3
73 7 18 29 46
9 15
62 20 11 68 27 51 92 73
16 39
62 12 2 44 54 30 47 94 67 41 90 13 83 64 11
10
6 5 1 6 17
8 1 1 10 51
4 5 7 9 5
3 8 4 4 51
9 3 6 2 69
2 2 1 9 96
2 2 7 2 21
6 11 8 1 23
8 4 5 4 80
1 8 4 7 77
10
6 1 5 10
3 3 4 3
5 3 4 3
10 5 3 6
5 1 8 2
10 12 3 2
5 9 8 2
7 8 10 2
6 1 4 1
8 2 9 5

10
2 55
95
2 33
99
2 30
91
2 35
98
2 95
94
2 89
96
2 6
98
2 34
98
2 16
91
2 57
91
10
5 1 10 1 17
2 1 5 1 6
5 1 8 1 6
2 1 4 1 13
3 1 4 1 3
2 1 4 1 9
5 1 8 1 4
2 1 5 1 4
3 1 4 1 12
5 1 10 1 15
10
9 1 1 1
1 1 6 1
2 1 3 1
2 1 10 1
5 1 7 1
7 1 5 1
1 1 6 1
4 1 7 1
4 1 3 1
4 1 9 1

10
13 71
52 100 4 80 32 41 79 28 73 72 17 64
5 34
80 32 96 51
15 33
47 86 78 23 1 17 51 98 33 40 4 53 41 35
8 61
40 14 76 49 68 13 56
3 94
100 50
9 73
15 25 22 98 29 75 88 48
10 47
45 5 37 77 3 51 39 79 64
14 92
51 96 77 17 49 43 84 15 19 19 36 99 75
9 49
81 94 36 26 48 82 22 13
14 54
7 91 86 3 100 5 5 25 29 37 16 64 74
10
4 1 3 2 82
5 1 7 1 29
1 6 8 12 5
1 6 8 2 72
4 3 7 1 29
1 2 9 8 57
5 2 7 2 60
8 1 5 1 90
2 3 9 1 8
3 8 7 1 96
10
5 1 3 7
7 6 5 2
10 10 10 3
4 5 7 3
7 8 9 5
1 6 8 12
2 3 1 11
2 2 2 4
2 2 1 10
2 3 7 5

10
9 6
94 49 15 11 32 75 83 74
9 83
72 92 18 73 53 66 64 7
8 90
4 63 13 12 63 15 48
12 68
31 58 17 48 72 54 30 60 6 39 75
10 41
49 61 86 29 91 64 59 69 74
11 37
25 73 72 54 27 24 1 14 38 4
6 54
73 25 5 49 77
14 67
14 13 68 40 38 46 92 62 65 4 9 80 66
10 59
28 19 52 53 60 70 4 19 5
11 42
70 95 63 65 6 85 74 5 20 46
10
8 3 3 6 55
9 7 10 10 36
4 10 3 7 73
8 7 9 7 84
6 3 9 3 86
9 7 5 4 87
10 2 6 2 36
1 6 8 11 51
6 8 10 8 93
4 8 2 6 38
10
5 5 2 1
9 6 3 1
6 4 2 7
7 3 8 13
10 7 3 5
10 8 9 8
5 2 5 6
4 10 1 2
9 4 4 2
3 1 3 2

10
5 10
33 46 33 72
11 8
27 2 33 68 44 28 26 17 10 17
12 37
45 57 95 74 83 25 45 91 75 3 1
10 9
81 5 95 44 35 67 37 40 73
15 22
94 81 16 56 92 79 85 17 75 85 68 41 97 95
4 57
28 89 86
12 41
30 44 7 79 4 9 72 99 35 79 21
12 11
99 90 45 3 60 37 23 50 70 14 36
10 74
80 74 80 94 61 5 27 97 74
9 4
12 82 57 93 36 38 36 86
10
9 1 7 6 59
4 9 6 1 72
4 5 8 3 14
3 5 10 1 31
4 1 2 1 14
10 1 3 3 39
5 7 1 1 24
5 6 6 2 56
1 2 5 1 4
5 11 9 6 97
10
2 8 9 2
7 4 6 3
3 8 3 7
4 1 4 8
7 5 7 11
3 11 9 7
10 2 9 2
7 2 6 1
10 3 9 7
2 1 2 5

10
8 7
88 6 44 43 91 66 19
11 84
43 19 12 18 56 94 88 89 32 10
10 46
44 46 72 42 14 36 100 25 37
9 76
20 92 18 11 8 49 89 48
11 14
33 94 60 27 97 61 34 64 54 34
10 99
92 54 1 34 72 75 40 19 92
7 74
96 75 37 5 100 7
10 96
90 83 21 90 72 89 34 57 88
10 28
96 25 72 55 74 27 45 81 11
14 20
92 62 65 59 35 72 83 13 76 1 18 98 12
10
1 7 8 9 53
6 2 2 5 76
5 9 4 3 46
9 4 10 13 6
8 4 3 4 87
10 7 5 2 87
9 9 3 6 46
5 3 1 3 59
8 7 9 3 61
5 1 9 5 26
10
4 3 5 6
3 9 8 4
8 9 9 3
1 2 3 5
8 7 9 5
6 9 2 5
10 8 1 2
1 1 7 2
8 8 2 3
2 9 3 5

10
10 65
82 86 11 34 66 75 96 91 2
9 3
90 31 44 72 89 35 58 13
10 44
76 91 80 58 34 97 94 13 79
4 50
33 8 30
5 56
43 69 63 29
11 45
85 41 3 28 20 51 38 96 4 33
13 47
22 13 59 12 26 32 19 83 79 28 56 90
14 47
86 54 81 46 95 65 98 45 1 67 7 83 71
12 67
85 61 40 90 17 2 97 80 20 75 71
12 58
10 29 24 43 46 82 66 42 52 100 75
10
9 10 4 2 84
6 2 2 2 23
6 5 8 11 14
8 9 10 9 15
10 1 1 4 46
7 7 5 3 53
7 6 1 2 95
6 5 9 5 74
2 2 6 4 42
2 5 10 3 78
10
8 12 1 1
9 4 2 5
1 9 7 9
3 9 9 11
4 3 9 10
9 9 3 2
6 6 8 12
6 3 5 3
2 4 7 2
3 3 5 3

1
100 6
86 30 37 60 57 78 64 50 86 40 12 37 49 36 98 47 12 32 70 91 24 70 23 71 89 91 11 67 10 19 24 47 1 61 6 57 90 22 6 76 13 69 64 13 4 61 11 68 44 80 58 68 1 33 38 89 23 49 8 84 19 31 83 19 43 40 76 33 61 33 8 25 2 71 38 57 83 48 24 27 80 34 46 32 66 83 73 40 83 80 76 54 62 10 72 5 49 99 37
0
10
1 32 1 85
1 8 1 92
1 95 1 42
1 10 1 86
1 69 1 80
1 2 1 83
1 42 1 92
1 98 1 62
1 68 1 9
1 14 1 53

10
8 44
71 47 44 8 92 24 45
5 92
69 62 57 81
8 2
58 7 35 60 59 53 88
11 58
59 70 86 59 37 100 65 66 40 86
12 86
72 80 21 8 44 54 62 36 20 6 26
15 92
68 85 76 98 97 51 50 20 36 30 55 24 72 39
10 28
91 27 25 39 90 69 35 4 42
14 23
88 97 87 32 67 13 60 100 25 38 69 15 41
6 81
97 61 91 30 36
11 6
58 62 80 57 95 53 84 28 89 41
10
10 6 6 4 10
1 2 4 8 88
10 6 3 5 97
7 2 4 10 35
6 13 7 1 67
6 14 10 3 23
2 2 9 3 71
10 10 9 5 40
6 4 5 10 50
9 3 5 8 43
10
1 4 6 12
4 9 4 7
7 5 7 4
4 6 2 3
3 6 7 1
7 4 2 1
6 9 10 8
7 8 3 6
8 12 1 7
8 5 2 4

2
2 78
1
2 92
73
2
1 1 2 1 3
2 1 1 2 5
1
1 1 1 2

10
11 30
55 72 86 75 68 52 98 34 2 74
13 6
69 12 25 61 61 62 69 52 65 13 81 28
9 72
77 32 97 84 38 2 6 56
6 24
41 8 76 47 10
10 20
13 27 42 71 50 49 44 59 24
11 91
57 52 82 17 11 28 62 29 88 23
10 90
33 11 67 1 91 100 77 31 26
8 97
67 65 43 13 32 20 67
12 91
77 52 14 74 99 66 52 21 29 78 13
10 94
53 88 15 35 40 19 44 2 96
10
9 6 7 6 60
7 7 1 7 41
9 1 6 10 54
3 8 2 7 79
3 8 6 7 43
5 5 9 9 64
3 1 6 9 22
8 6 9 4 13
1 6 6 9 27
1 1 2 4 3
10
10 9 9 3
2 9 2 1
3 2 3 5
8 7 3 4
5 3 10 2
3 4 9 6
8 6 10 8
8 7 5 8
10 8 6 4
7 3 2 1

10
10 13
19 54 78 90 98 15 48 94 65
8 25
57 17 1 27 1 40 86
10 8
52 13 68 28 17 95 2 74 64
12 52
55 71 12 17 53 58 72 95 22 53 11
10 33
23 97 42 74 63 52 82 21 18
10 35
32 63 35 32 38 69 71 73 11
17 94
65 3 17 59 38 70 46 40 45 59 80 84 39 21 11 21
8 52
77 11 61 74 13 52 11
8 38
22 79 42 56 80 38 76
7 50
25 82 78 76 53 92
10
4 6 10 6 19
10 2 6 4 15
9 5 6 3 71
1 4 7 12 81
1 2 2 1 81
5 4 3 5 46
1 8 5 5 48
2 4 4 6 52
6 7 9 5 14
1 3 5 9 24
10
7 1 7 15
6 1 7 3
9 5 2 1
8 5 9 2
10 5 8 2
8 5 8 2
9 1 8 1
8 3 7 6
2 1 6 6
2 1 4 5

10
10 31
51 44 11 51 72 30 21 42 38
10 2
36 45 54 23 16 3 75 76 40
13 71
66 9 33 43 86 24 38 71 57 18 11 8
9 92
96 67 96 8 93 4 71 86
8 95
26 6 35 28 11 9 19
9 89
57 73 45 45 32 55 72 17
9 45
76 93 5 81 16 33 77 61
7 18
85 50 55 38 47 31
14 88
94 90 4 38 58 46 100 6 42 10 84 74 29
11 90
38 79 18 7 54 28 100 7 17 29
10
6 1 7 7 42
3 8 1 9 2
1 5 3 6 19
2 9 9 11 53
2 8 4 1 49
4 1 9 10 86
9 1 10 7 97
4 2 6 6 39
9 2 8 1 55
8 4 5 5 56
10
8 2 5 4
8 3 6 8
3 1 9 10
6 3 8 2
4 5 1 7
8 1 4 7
2 9 4 3
5 6 10 4
4 6 8 5
10 6 5 6

10
13 35
6 27 24 33 37 74 96 28 36 25 88 48
10 90
72 4 5 92 51 60 68 16 30
7 55
23 20 23 57 81 44
10 2
78 72 18 12 68 10 76 27 60
15 5
59 15 17 41 60 38 70 48 83 13 100 11 72 23
9 35
51 60 83 97 30 26 93 11
6 17
79 41 16 71 46
9 24
18 23 25 40 100 62 42 94
11 85
17 22 96 93 14 16 44 75 32 76
10 73
72 77 98 34 33 93 9 92 25
10
8 3 7 2 5
8 1 5 1 41
8 7 10 5 62
3 5 8 6 64
6 1 7 1 4
5 1 2 9 93
4 4 8 6 3
2 2 1 10 81
1 12 2 4 1
5 8 7 2 10
10
2 4 6 4
4 8 5 10
1 5 7 2
7 1 3 1
1 3 2 9
7 2 6 8
10 4 1 6
8 3 1 2
6 5 5 6
7 1 6 8

10
10 26
93 95 20 85 26 49 70 67 55
10 66
91 15 9 56 18 97 87 65 58
6 83
53 45 66 24 1
17 57
56 81 91 68 32 41 11 44 61 12 62 70 9 5 61 61
12 22
17 42 98 9 95 53 37 25 39 90 75
9 74
29 99 37 74 85 65 62 29
4 78
10 5 24
7 75
79 43 14 22 87 11
14 48
78 15 87 11 50 66 44 38 34 15 28 30 1
11 45
54 5 35 89 17 77 5 94 91 81
10
5 3 4 8 94
5 4 10 4 85
5 11 2 6 57
10 4 6 6 78
2 1 1 4 43
3 1 4 9 4
10 1 8 3 17
5 3 2 4 21
10 7 6 6 37
4 9 3 1 1
10
7 1 7 2
4 1 9 1
3 2 10 2
8 5 2 9
3 4 9 4
1 1 9 1
6 7 2 6
9 13 6 1
5 9 3 1
3 2 6 3

10
12 97
39 9 76 3 100 83 45 79 26 48 46
8 98
95 95 1 79 18 37 100
6 43
18 60 30 22 20
12 67
42 41 32 86 72 80 3 100 45 50 29
14 96
69 40 100 46 36 61 91 51 25 79 8 31 41
10 20
95 85 48 13 52 58 18 82 54
11 23
93 1 74 15 18 5 11 64 80 7
6 68
14 19 13 77 84
10 69
69 85 9 2 89 50 5 67 46
11 8
84 53 67 68 36 88 44 99 27 16
10
10 3 4 4 92
3 5 2 6 84
2 2 1 4 82
7 2 5 10 37
8 2 4 1 97
9 1 10 9 16
6 9 8 5 20
1 4 9 1 16
8 3 6 7 29
2 1 1 9 26
10
9 5 7 8
3 4 4 11
2 5 1 1
8 2 6 7
8 5 9 8
4 11 7 9
1 7 2 6
7 8 9 6
4 9 5 11
8 3 9 9

10
9 21
99 7 9 100 41 13 56 75
11 27
47 96 91 96 5 47 12 3 27 10
12 88
49 74 28 43 9 10 65 56 98 41 29
9 87
36 69 65 23 47 100 18 99
10 20
31 8 55 45 59 67 30 25 54
14 90
98 75 93 95 5 6 64 86 55 72 14 47 38
8 99
24 85 56 88 49 45 99
3 95
74 67
12 58
13 70 8 17 100 83 61 3 50 9 84
12 89
18 48 48 58 88 52 49 37 4 62 61
10
10 5 8 2 16
1 6 3 1 10
10 10 2 2 24
6 12 4 2 58
10 6 4 5 58
6 11 1 4 15
2 1 7 7 13
10 5 3 4 30
10 7 6 12 73
5 6 2 5 86
10
2 4 8 2
1 5 9 10
2 8 7 4
8 1 8 2
2 6 4 5
7 4 1 8
9 2 8 2
6 5 1 6
5 9 3 2
10 4 7 5

10
13 80
48 75 15 70 83 98 83 27 95 68 91 75
10 33
64 33 99 98 63 15 77 95 32
11 85
44 88 60 78 37 67 100 56 45 28
8 38
20 47 25 17 2 97 90
14 91
7 55 57 67 79 27 75 36 52 60 13 33 14
9 14
87 34 68 60 82 6 67 14
7 65
37 61 4 83 34 1
8 79
93 29 6 42 51 6 18
9 27
98 24 79 96 37 11 20 90
11 92
16 6 57 31 61 34 32 3 12 15
10
8 4 7 4 21
10 2 6 2 65
3 3 4 7 2
5 1 10 1 2
1 5 7 2 12
6 4 3 7 77
3 6 7 1 14
10 10 5 6 55
1 5 8 1 48
1 5 9 4 41
10
1 10 3 7
4 3 4 4
7 6 1 5
5 5 3 8
9 8 5 3
9 5 5 6
3 2 6 8
1 10 8 7
9 1 9 6
7 2 7 3

10
12 51
5 13 81 80 16 36 22 51 43 56 99
14 36
99 92 94 70 76 15 61 50 67 42 15 35 54
12 78
32 44 18 85 10 20 31 83 95 1 23
6 78
30 28 51 71 92
12 100
18 91 21 90 52 32 42 72 56 35 85
8 29
83 70 18 52 60 52 36
12 9
12 46 17 3 95 49 52 38 20 92 94
6 27
91 43 26 15 71
8 69
15 91 58 34 68 29 38
10 34
38 13 77 39 18 34 38 55 62
10
1 7 5 8 96
5 2 8 2 30
8 3 6 1 17
1 10 2 7 8
8 2 1 4 71
2 5 7 4 12
9 4 4 3 37
2 4 5 8 80
4 5 1 5 74
8 1 10 3 28
10
3 5 2 9
1 4 7 3
9 7 6 1
2 2 9 2
10 5 1 10
5 10 9 6
4 4 2 5
5 5 7 8
6 7 7 4
3 6 6 3

10
9 32
96 68 35 8 19 99 36 56
9 86
68 32 62 100 4 15 23 28
11 65
53 16 1 49 56 96 12 19 26 71
12 91
97 12 73 62 77 34 4 26 78 77 27
6 61
43 95 66 74 73
12 18
20 2 80 86 100 19 51 36 29 54 97
13 13
38 58 70 87 68 81 12 31 91 94 56 5
11 81
39 79 87 36 17 94 6 68 92 29
7 50
67 65 31 16 92 97
10 52
56 77 35 25 28 23 43 57 88
10
10 7 7 1 21
10 5 2 3 93
1 7 3 6 11
8 1 1 6 74
9 5 2 5 80
8 3 3 5 52
3 6 7 1 6
7 1 5 1 19
9 1 2 1 6
2 7 7 2 20
10
2 6 4 7
4 1 3 9
7 10 10 1
5 1 10 3
5 2 7 9
1 2 7 12
10 9 5 2
10 8 1 8
2 6 1 4
3 3 4 9

10
13 72
22 31 37 91 41 45 6 4 27 49 58 6
7 85
41 82 14 54 43 21
13 65
80 22 47 77 59 68 10 87 39 10 87 79
11 26
62 70 22 90 96 2 68 51 89 39
9 91
66 7 29 20 91 16 30 17
10 15
15 77 4 82 87 36 11 4 22
9 44
21 63 34 82 72 29 21 49
9 35
86 46 29 99 47 14 55 50
9 8
37 43 7 93 79 34 56 64
10 19
56 97 41 52 81 27 81 28 23
10
6 3 3 8 49
5 6 9 8 34
10 6 4 4 81
2 1 6 3 1
8 6 2 3 8
5 4 8 3 87
7 3 1 11 19
6 1 7 5 31
9 7 5 7 83
10 2 5 3 72
10
5 3 1 12
9 8 3 3
5 7 7 7
6 2 9 4
4 7 4 5
7 4 7 1
4 1 10 2
5 5 9 3
3 5 5 1
8 3 1 6

10
9 29
71 19 65 30 68 98 37 58
13 69
89 75 23 33 35 21 19 18 91 22 46 96
16 77
18 73 95 68 52 63 93 84 97 19 54 4 97 11 6
9 45
52 78 18 60 47 83 16 94
9 88
21 31 27 80 17 33 7 54
5 70
46 46 78 39
9 27
78 61 6 82 51 35 57 52
12 26
52 84 44 11 19 2 83 5 38 66 14
7 88
46 66 26 16 35 8
11 33
58 1 47 11 10 83 57 44 3 99
10
9 4 2 6 69
3 1 4 2 75
7 1 3 14 35
10 4 3 14 25
6 1 4 3 75
5 1 9 2 30
9 6 8 8 56
2 1 4 3 79
4 7 7 8 64
4 7 9 4 66
10
3 11 6 3
1 8 3 11
10 1 3 11
2 6 4 5
3 15 2 11
9 3 9 5
3 4 2 11
3 8 6 1
10 1 5 5
3 13 3 9

10
13 43
25 60 16 22 92 61 52 43 38 20 4 51
12 22
29 33 17 21 98 20 67 20 59 46 95
13 87
90 94 51 2 83 41 41 12 25 69 64 88
7 13
87 75 2 4 69 10
7 27
67 96 20 43 45 61
13 89
51 97 15 99 14 59 61 98 68 87 19 51
12 59
11 49 3 35 97 6 50 1 31 94 2
6 5
85 38 55 62 43
11 82
43 36 27 33 60 18 52 94 93 51
6 100
13 30 58 44 55
10
9 4 4 5 47
8 2 7 8 21
9 7 1 12 15
9 5 5 6 28
3 12 8 1 60
10 3 4 3 92
4 5 7 7 37
3 4 8 1 49
8 4 5 4 20
1 6 7 1 43
10
4 4 2 1
2 8 3 8
7 6 7 7
9 5 2 10
9 1 4 3
9 3 7 10
2 8 8 1
5 3 3 10
6 3 1 9
10 3 2 5

10
11 85
83 19 10 72 14 80 83 25 98 16
13 29
21 82 33 34 72 78 30 50 77 46 55 96
12 4
72 11 45 13 41 8 98 98 94 17 35
10 97
4 28 100 32 50 50 77 8 37
10 83
95 4 2 7 46 97 4 8 15
6 19
67 73 58 85 51
11 45
52 22 87 66 44 10 87 54 22 73
8 61
71 36 47 96 44 45 99
9 29
80 25 5 95 45 44 16 48
10 69
34 44 50 8 60 65 81 62 76
10
10 2 9 8 75
2 12 7 6 62
4 1 3 8 80
10 7 2 7 33
7 3 3 6 22
9 6 1 7 77
8 5 10 2 76
2 3 3 11 78
4 8 6 5 24
9 6 10 8 48
10
1 2 10 6
3 3 3 4
4 9 6 3
3 6 8 7
9 1 2 8
6 2 1 2
1 4 2 12
5 1 9 1
8 7 9 2
1 4 10 4

10
8 49
18 86 78 89 48 74 23
9 86
68 51 41 29 84 47 9 87
11 95
73 23 21 89 53 66 1 6 95 3
12 72
37 51 7 53 67 74 97 53 9 99 8
13 8
11 62 81 19 92 79 81 82 88 68 67 25
5 7
77 63 31 69
9 66
38 42 27 25 25 29 12 38
12 46
36 72 77 77 53 92 53 63 95 71 5
9 60
82 61 55 3 60 35 66 8
12 86
99 27 20 32 65 33 59 73 16 14 6
10
5 11 3 8 22
5 10 7 8 44
4 8 7 6 90
9 5 1 1 24
6 1 1 6 11
3 5 2 1 5
3 9 10 4 13
3 5 6 1 94
5 9 8 2 48
3 3 10 8 1
10
2 6 9 5
2 2 1 5
2 7 3 6
5 4 9 7
4 4 4 2
9 2 6 2
5 3 3 9
5 7 9 8
10 9 2 2
9 2 10 6

10
2 70
97
2 86
95
2 3
96
2 70
99
2 88
93
2 33
96
2 18
97
2 6
97
2 3
99
2 73
92
10
6 1 2 1 6
9 1 2 1 18
10 1 5 1 18
9 1 2 1 11
10 1 5 1 8
5 1 6 1 3
1 1 3 1 4
6 1 2 1 7
5 1 6 1 3
1 1 3 1 14
10
9 1 4 1
2 1 3 1
8 1 9 1
4 1 6 1
5 1 1 1
3 1 8 1
4 1 7 1
3 1 10 1
7 1 3 1
10 1 2 1

10
7 31
10 67 47 83 33 60
15 3
96 11 43 51 57 18 85 57 44 43 17 13 34 35
11 96
17 34 93 53 92 32 94 85 89 52
11 36
36 65 44 49 24 76 60 48 53 7
6 30
23 47 95 98 14
8 1
24 36 76 15 94 62 61
8 55
93 85 11 94 82 46 19
8 89
39 49 62 76 89 18 49
15 97
91 99 92 28 23 71 58 6 100 15 3 5 30 95
11 76
100 77 53 54 71 79 2 47 45 22
10
7 3 5 4 34
4 5 9 6 38
4 3 3 6 29
3 10 4 4 81
6 1 1 2 83
2 13 4 8 27
9 11 1 4 10
10 4 8 3 20
10 10 3 2 97
3 4 6 3 80
10
8 3 8 1
5 2 3 5
5 1 1 4
3 3 3 5
3 6 2 13
8 1 10 2
4 7 6 6
4 4 8 3
9 13 3 6
9 14 10 5

10
14 72
93 77 23 5 18 57 89 36 26 79 63 37 72
18 86
71 42 51 22 41 65 50 27 6 3 49 7 7 26 10 61 46
7 97
88 82 33 92 100 85
12 86
90 22 70 63 91 95 11 43 59 71 29
11 17
26 2 34 84 10 75 82 30 4 55
10 16
58 64 26 49 83 86 75 88 37
5 68
57 14 24 91
7 49
92 32 11 67 10 20
9 5
41 71 90 90 67 19 94 41
7 43
37 78 71 97 54 34
10
1 6 9 5 94
1 3 7 3 80
9 6 4 8 70
7 3 6 6 54
1 10 8 6 49
10 6 9 7 43
2 6 6 5 22
5 9 1 3 69
3 6 4 11 4
8 2 5 5 86
10
10 1 9 1
4 11 9 4
7 1 8 5
9 5 1 8
9 7 3 3
7 3 2 2
10 3 1 12
3 3 3 6
4 10 9 3
9 5 2 16

10
2 24
97
2 30
96
2 50
90
2 32
93
2 23
98
2 27
90
2 37
90
2 78
96
2 23
93
2 76
97
10
3 1 1 1 7
2 1 6 1 11
2 1 6 1 14
2 1 4 1 1
3 1 1 1 9
2 1 4 1 12
1 1 4 1 8
1 1 4 1 9
9 1 10 1 5
9 1 10 1 1
10
4 1 9 1
2 1 5 1
8 1 4 1
8 1 7 1
7 1 10 1
8 1 5 1
7 1 3 1
1 1 3 1
4 1 1 1
3 1 2 1

1
100 39
99 13 26 71 83 48 13 46 26 1 57 10 74 8 80 93 25 40 75 26 4 33 57 42 76 93 11 3 57 85 41 8 97 18 30 31 18 43 77 95 95 85 4 20 93 35 13 17 27 39 94 30 71 2 23 46 47 33 100 3 17 41 62 66 10 92 96 27 86 24 21 80 61 77 51 5 63 63 73 89 2 66 71 24 19 93 70 65 78 21 20 46 13 33 63 23 24 11 49
0
10
1 97 1 17
1 1 1 72
1 24 1 58
1 39 1 13
1 74 1 92
1 91 1 66
1 1 1 39
1 24 1 3
1 55 1 8
1 4 1 78

10
2 35
44
2 5
4
2 99
23
2 20
93
2 79
28
2 43
59
2 1
8
2 7
23
2 47
35
2 38
51
9
1 2 2 1 44
2 2 3 1 41
1 2 4 1 47
2 2 5 1 74
3 2 6 1 30
2 2 7 1 8
4 2 8 1 16
7 2 9 1 3
9 2 10 1 88
10
5 1 9 1
9 1 3 1
6 1 5 1
2 1 1 1
6 1 9 1
10 1 8 1
6 1 8 1
1 1 3 1
2 1 1 1
1 1 4 1

10
7 15
32 19 95 27 59 53
11 73
76 39 55 40 96 55 89 6 25 30
11 88
52 61 65 67 11 13 60 100 49 35
10 75
67 80 79 17 93 37 26 2 68
7 74
91 44 13 25 55 71
6 75
58 99 92 14 96
13 70
6 53 66 52 66 78 34 43 23 25 31 10
14 73
46 81 52 38 96 38 27 7 96 41 99 11 92
13 95
24 39 30 72 40 32 20 43 32 73 27 31
8 78
79 6 25 5 89 77 26
10
7 9 9 9 15
6 5 1 2 93
4 6 6 3 4
2 9 9 12 66
1 6 8 8 66
2 6 7 4 92
6 1 1 5 92
7 2 1 3 7
6 3 4 3 52
8 1 2 6 43
10
7 2 2 4
9 9 6 2
4 6 8 10
2 10 7 9
9 1 8 4
7 11 1 5
7 7 10 1
4 5 7 3
5 2 8 2
7 11 1 2

10
2 47
97
2 99
91
2 81
96
2 70
94
2 95
98
2 11
90
2 84
93
2 33
96
2 50
93
2 93
95
10
10 1 9 1 10
3 1 2 1 15
3 1 1 1 17
1 1 6 1 9
6 1 3 1 17
3 1 2 1 11
10 1 9 1 2
3 1 1 1 13
6 1 3 1 19
1 1 6 1 14
10
9 1 6 1
6 1 8 1
6 1 9 1
9 1 6 1
5 1 4 1
7 1 2 1
7 1 5 1
6 1 8 1
2 1 10 1
6 1 9 1

10
13 80
42 86 84 1 77 18 96 8 82 98 84 71
6 69
35 72 87 34 39
8 25
68 81 99 86 75 41 2
13 5
40 11 47 16 54 11 18 23 17 38 61 81
9 82
59 25 90 1 87 44 72 89
13 95
42 45 56 52 79 70 85 65 73 65 51 12
8 88
50 12 1 79 10 26 30
10 20
74 74 52 46 41 62 66 39 72
11 53
42 86 46 64 11 72 95 29 2 67
9 2
47 82 13 63 33 81 14 69
10
6 6 7 2 86
8 4 2 1 46
7 4 5 1 52
9 8 6 7 60
2 2 8 6 55
1 1 8 7 15
3 7 10 2 23
7 7 4 10 59
7 3 8 8 32
10 6 1 1 2
10
3 7 4 12
3 2 3 3
5 7 7 3
7 3 7 7
5 7 4 12
10 5 1 9
4 1 8 3
5 1 9 9
4 10 1 2
1 7 10 3

2
2 55
1
2 57
92
2
1 1 2 1 5
2 1 1 2 3
1
1 1 1 2

10
13 61
71 31 92 94 19 95 94 50 35 34 20 83
9 82
82 83 56 1 25 20 64 75
7 32
29 78 65 41 3 1
9 99
40 73 86 84 42 50 47 61
14 69
6 87 30 27 95 4 3 58 46 81 13 3 42
13 99
67 95 33 4 90 50 76 35 56 83 96 28
9 100
9 40 55 51 97 9 19 50
7 79
78 7 3 21 24 26
6 23
8 83 4 61 17
13 11
59 47 22 93 100 53 78 32 79 57 4 10
10
8 6 6 7 35
10 4 5 11 58
6 8 2 4 67
7 8 4 1 99
1 5 8 1 74
7 3 4 2 63
7 7 4 3 86
8 4 5 3 35
4 1 8 6 80
2 2 3 6 10
10
6 6 8 3
3 1 1 3
7 7 6 3
10 9 10 1
8 2 7 3
4 8 5 7
6 8 3 5
3 4 1 8
2 4 7 6
10 3 8 2

10
13 2
35 20 49 61 1 47 73 51 1 23 68 79
9 62
89 72 24 19 57 76 35 3
7 1
14 23 64 10 36 58
11 81
55 1 86 99 68 93 17 32 51 91
12 5
27 94 55 56 54 57 66 45 47 78 51
11 71
15 11 44 33 25 67 42 47 97 18
14 24
47 75 79 67 66 16 57 71 31 37 51 88 10
5 78
86 97 42 39
7 28
53 14 77 60 52 8
11 17
70 33 2 64 20 51 1 80 19 15
10
9 2 1 1 80
1 3 5 5 52
4 1 9 5 5
2 2 10 2 97
2 7 6 2 27
3 3 1 5 16
1 3 3 1 39
5 4 3 5 10
6 2 10 4 7
7 10 4 6 79
10
2 1 7 5
2 7 2 4
3 6 10 6
10 4 8 4
8 3 4 8
2 8 10 4
5 10 2 4
3 5 10 6
7 9 5 5
1 4 3 4

10
9 61
97 99 55 81 10 44 55 64
15 40
9 1 10 14 46 50 66 79 67 96 16 11 100 83
9 2
32 49 43 14 86 28 24 73
9 91
14 39 71 58 60 66 59 85
15 49
84 46 46 68 59 17 55 7 36 37 25 48 48 51
11 25
25 83 98 2 13 60 12 31 43 1
6 32
46 76 83 68 41
7 97
13 86 78 70 26 87
7 96
99 83 60 30 75 36
12 10
14 7 2 4 30 44 19 87 6 31 2
10
7 5 6 8 3
7 5 9 3 21
3 7 5 12 42
9 2 1 3 69
3 4 10 9 23
2 8 3 1 55
6 5 2 5 42
4 1 7 4 65
9 1 6 3 10
9 3 4 3 50
10
2 1 9 6
6 1 3 1
5 9 7 5
8 2 2 13
4 6 7 2
7 2 5 10
1 7 2 8
8 6 5 7
8 5 10 10
6 4 7 5

10
10 58
46 77 75 52 10 7 6 69 4
10 85
95 44 17 83 99 33 72 80 76
7 36
49 35 44 73 51 94
9 6
62 43 13 32 88 55 1 99
8 29
85 30 63 50 88 55 78
11 6
22 71 95 78 19 74 1 19 31 28
12 77
46 23 46 24 18 34 3 64 80 73 70
8 51
64 5 23 82 51 88 68
13 13
23 53 42 18 64 64 38 37 88 16 85 43
12 16
12 96 85 59 81 79 60 25 57 48 74
10
7 6 6 3 91
5 3 4 8 69
3 4 4 7 53
4 3 10 3 40
10 11 4 1 60
1 5 8 6 17
10 7 8 3 98
6 8 5 1 82
8 2 2 5 59
1 8 7 5 25
10
7 4 9 12
7 5 6 2
3 2 9 12
9 2 2 9
3 2 4 7
7 3 10 2
2 2 3 6
7 5 2 6
9 10 2 9
7 1 9 5

10
13 17
33 31 29 44 2 100 25 83 88 95 98 24
7 76
40 60 61 69 11 5
8 56
60 51 74 4 14 90 69
16 8
65 11 98 82 64 42 38 87 12 45 12 58 52 42 20
10 37
88 87 95 17 64 20 53 68 16
9 12
25 34 91 32 40 2 94 85
10 55
33 89 82 90 63 72 5 59 27
11 51
76 23 23 80 21 33 85 66 73 13
9 14
61 17 30 45 51 52 94 34
7 85
34 97 91 10 78 7
10
4 12 7 1 79
8 3 4 3 98
4 5 6 1 68
5 7 1 1 47
5 4 10 6 49
7 7 8 3 71
6 6 2 6 72
2 1 5 4 51
2 1 4 14 91
10 2 5 6 83
10
6 2 1 3
2 3 10 6
2 3 7 7
3 4 5 7
5 4 4 14
1 5 8 4
10 1 5 1
5 7 9 4
4 1 6 6
1 6 3 1

10
13 4
97 62 23 74 56 25 7 33 44 98 2 59
8 10
16 12 93 92 31 88 6
13 52
7 86 40 32 50 8 54 28 59 47 32 47
13 55
100 56 16 80 45 61 17 18 14 41 81 11
9 75
28 78 65 99 10 8 35 19
11 16
21 41 65 69 53 27 39 81 43 83
10 14
76 56 7 80 88 5 63 49 85
7 14
96 58 66 48 55 65
8 11
35 97 12 68 35 9 7
8 68
17 14 50 5 97 85 26
10
1 2 3 9 19
1 5 5 5 81
1 6 4 3 53
9 2 2 7 47
2 2 7 9 16
10 2 4 4 93
5 6 8 2 24
2 3 7 8 82
5 1 1 5 60
6 2 10 5 86
10
3 2 2 3
10 2 4 2
10 3 8 6
6 7 5 1
9 4 8 1
5 8 3 9
5 4 1 6
4 1 1 10
5 4 3 4
9 6 1 2

1
100 52
64 88 61 3 10 42 12 24 96 85 16 71 30 5 58 7 56 67 59 18 24 20 65 55 25 57 82 71 99 69 22 15 8 83 17 17 76 80 41 24 64 8 94 45 64 51 3 71 69 62 40 92 33 56 98 57 13 80 28 63 48 1 77 56 35 45 24 11 24 64 34 40 71 79 36 86 29 39 57 49 52 96 40 36 52 90 45 16 69 72 78 68 24 7 75 59 3 99 21
0
10
1 13 1 71
1 64 1 54
1 86 1 8
1 42 1 36
1 32 1 98
1 85 1 91
1 22 1 12
1 27 1 57
1 44 1 73
1 91 1 12

10
7 53
76 76 84 68 43 67
6 18
52 24 63 67 15
11 64
78 46 97 100 7 39 91 76 32 22
9 37
31 99 37 29 79 93 61 53
9 53
35 49 51 62 86 97 90 55
11 14
96 9 59 25 99 87 65 31 61 32
13 70
10 99 6 57 64 57 91 84 6 22 2 38
9 41
96 96 14 90 63 39 72 13
11 37
95 38 63 64 99 2 16 21 88 8
14 88
49 59 62 19 86 80 18 76 30 31 9 51 13
10
3 10 7 3 7
7 6 2 4 13
4 4 6 8 13
5 5 9 6 19
6 10 10 4 47
5 4 8 1 35
4 1 2 5 98
7 2 1 4 58
5 6 6 5 84
6 6 3 9 25
10
7 10 4 2
8 4 2 4
9 6 5 8
5 7 1 2
5 6 6 8
7 2 8 5
4 1 10 6
5 6 5 3
6 1 8 5
2 2 3 1

10
2 58
98
2 8
97
2 99
92
2 80
95
2 44
94
2 56
91
2 15
98
2 77
90
2 28
92
2 51
92
10
1 1 7 1 10
1 1 8 1 13
1 1 8 1 9
3 1 4 1 19
4 1 5 1 12
3 1 4 1 19
4 1 6 1 17
1 1 7 1 11
4 1 5 1 1
4 1 6 1 14
10
7 1 6 1
3 1 6 1
7 1 10 1
5 1 10 1
7 1 9 1
1 1 9 1
2 1 7 1
5 1 4 1
3 1 2 1
6 1 7 1

2
2 97
1
2 85
43
2
1 1 2 1 4
2 1 1 2 1
1
1 1 1 2

10
2 21
29
2 98
8
2 38
23
2 24
6
2 72
55
2 17
33
2 63
16
2 68
92
2 90
15
2 22
34
9
1 2 2 1 94
2 2 3 1 43
3 2 4 1 59
3 2 5 1 63
2 2 6 1 55
1 2 7 1 77
2 2 8 1 25
2 2 9 1 88
8 2 10 1 60
10
9 1 4 1
3 1 8 1
1 1 6 1
9 1 1 1
9 1 3 1
7 1 3 1
2 1 8 1
3 1 8 1
10 1 9 1
3 1 10 1

1
100 46
47 39 99 100 13 35 18 22 44 27 66 31 64 62 32 61 82 89 7 1 34 14 2 74 11 40 83 82 18 92 27 16 82 25 15 46 11 84 20 54 10 85 37 25 98 20 38 80 9 44 32 42 10 33 68 20 72 50 1 41 93 79 8 74 55 22 72 65 5 91 19 67 27 55 43 24 74 80 55 34 76 86 28 85 71 95 56 94 96 56 87 89 86 94 14 40 16 37 4
0
10
1 65 1 73
1 36 1 79
1 90 1 10
1 3 1 93
1 55 1 5
1 80 1 29
1 91 1 10
1 41 1 87
1 95 1 77
1 87 1 80

10
11 89
60 13 99 88 11 82 69 100 48 37
9 17
6 98 91 9 22 30 78 43
9 48
57 73 39 72 5 10 33 56
7 93
34 49 59 17 11 62
10 63
88 15 97 96 59 99 66 86 45
12 80
52 16 66 2 60 7 43 83 82 100 66
5 72
36 82 58 6
11 64
25 16 34 97 21 60 30 28 6 57
14 26
46 30 26 85 57 95 5 83 67 31 74 24 51
12 50
50 79 97 50 74 40 61 64 7 32 46
10
2 1 9 2 16
6 9 8 9 79
4 6 8 7 11
3 8 6 5 46
5 3 7 1 64
2 4 1 2 99
6 9 8 2 70
1 7 6 5 18
7 2 9 12 2
9 1 5 4 74
10
2 1 5 2
7 1 4 1
1 7 7 4
3 2 9 4
5 8 2 5
6 5 8 5
3 3 3 7
5 2 6 11
1 2 8 9
2 7 5 6

10
10 69
71 92 32 84 89 87 20 34 15
7 89
9 50 40 4 46 28
12 5
52 66 87 13 8 96 21 33 70 9 20
11 85
26 13 92 58 73 100 88 92 45 68
10 82
78 47 70 90 82 100 14 35 45
13 24
61 32 90 38 39 94 80 56 49 94 2 89
6 12
43 79 25 6 25
12 47
53 27 31 89 11 25 8 64 12 41 94
10 81
4 8 98 13 3 9 61 73 80
9 43
87 5 52 95 88 16 63 97
10
5 6 4 5 9
2 2 10 7 7
9 8 4 4 97
9 5 1 3 36
2 6 5 7 12
4 3 6 3 88
4 10 3 8 16
9 2 5 1 46
4 2 3 4 41
4 10 8 4 58
10
7 4 9 1
6 6 10 8
3 6 5 6
5 2 1 8
1 1 6 12
3 11 2 3
7 1 8 8
5 3 6 7
3 9 2 4
2 1 9 4

10
7 85
17 54 50 26 79 26
9 73
44 84 31 93 78 22 58 11
12 57
34 4 59 18 67 44 62 20 64 71 50
10 98
56 61 95 55 39 65 62 12 20
10 30
27 60 59 57 73 89 98 43 20
13 5
29 7 82 35 63 8 89 87 83 87 27 77
8 1
5 67 87 17 39 23 14
13 68
70 71 90 54 42 84 22 8 9 86 22 93
7 18
75 51 9 63 84 71
11 85
5 47 76 57 45 3 13 4 1 86
10
7 2 3 11 33
6 6 2 7 15
7 1 10 9 1
6 3 3 2 5
10 8 9 5 52
10 10 7 4 4
1 6 9 6 8
6 5 3 7 33
5 7 10 3 23
2 6 7 5 21
10
1 2 8 9
9 3 1 6
7 5 3 5
2 1 3 7
10 5 6 8
8 12 7 4
2 5 1 3
5 1 3 7
4 8 5 4
10 5 1 5

10
12 100
75 97 70 24 28 14 53 13 78 82 34
8 61
56 16 10 43 18 17 4
6 78
72 85 76 96 49
7 56
31 33 24 14 65 28
9 41
28 64 24 19 77 11 23 46
10 52
27 50 60 59 23 100 82 79 33
7 50
1 31 42 92 34 59
13 25
22 54 3 68 75 91 44 89 49 61 77 58
16 88
13 91 13 21 24 93 66 88 69 18 58 81 1 47 34
12 20
6 2 23 2 99 14 68 7 98 27 6
10
5 5 10 11 60
4 3 8 6 79
6 3 9 15 8
8 9 2 2 19
6 6 8 5 68
7 6 6 8 56
9 15 1 3 46
1 9 10 9 38
9 11 2 2 51
2 3 10 3 20
10
7 2 9 8
10 10 4 4
3 4 2 2
10 9 8 9
6 1 6 5
7 3 9 4
4 3 10 6
10 5 10 10
9 5 1 6
3 4 8 5

2
2 26
1
2 32
36
2
1 1 2 1 3
2 1 1 2 5
1
1 1 1 2

10
8 66
43 63 2 27 1 22 45
10 99
35 85 41 5 58 42 69 6 91
9 94
34 89 38 86 45 66 98 20
11 2
75 78 9 67 7 77 92 90 6 78
13 17
28 97 36 34 59 4 71 19 26 32 33 84
11 11
22 35 90 23 88 3 70 70 78 59
7 99
63 2 24 95 25 97
9 52
63 85 75 6 11 99 65 35
11 51
65 29 14 14 90 42 70 91 33 23
11 48
35 61 25 57 26 78 50 82 28 55
10
1 5 7 6 59
1 3 10 5 65
4 9 8 2 46
3 7 7 6 72
4 1 9 10 64
8 4 1 3 88
10 9 6 8 48
6 1 10 5 35
7 5 3 2 98
1 2 10 9 22
10
2 5 2 9
3 5 9 9
9 6 6 9
6 1 6 3
8 2 5 3
2 8 3 3
6 10 7 6
2 3 5 3
9 8 6 1
6 6 9 4

10
9 98
38 3 100 13 32 2 95 34
13 29
51 47 21 7 39 58 90 22 67 85 6 59
14 16
15 29 81 75 23 2 36 14 20 49 43 39 60
9 15
62 99 76 82 69 21 2 34
9 97
24 73 61 10 54 90 13 62
10 75
17 58 1 10 94 37 90 72 2
8 85
2 91 89 1 73 25 60
8 88
87 83 9 24 14 100 98
11 88
28 19 7 18 65 2 72 56 1 2
9 5
59 46 82 36 100 52 6 35
10
6 8 10 5 88
7 2 3 11 20
6 7 8 6 21
7 5 9 2 42
3 6 8 2 5
7 7 1 6 35
9 3 7 5 7
4 1 3 3 46
4 1 7 2 71
9 9 6 7 2
10
9 1 5 6
3 9 2 12
9 9 10 1
4 2 9 10
1 5 4 2
10 1 9 8
1 5 6 9
6 8 3 2
5 5 1 3
7 6 4 3

1
100 8
21 98 12 85 70 26 39 38 87 17 77 79 69 8 94 65 63 43 20 89 22 63 87 61 98 12 89 27 72 93 34 44 43 97 28 12 23 67 1 61 35 77 92 55 36 85 19 51 79 91 39 1 5 25 61 54 89 1 80 12 45 65 7 87 62 34 51 36 52 3 96 39 80 39 93 15 24 64 17 2 6 55 54 10 32 66 64 72 18 95 83 63 60 89 1 73 74 51 8
0
10
1 99 1 64
1 11 1 10
1 98 1 2
1 67 1 44
1 65 1 97
1 10 1 96
1 73 1 52
1 43 1 20
1 71 1 38
1 17 1 63

2
2 46
1
2 39
75
2
1 1 2 1 3
2 1 1 2 3
1
1 1 1 2

10
9 66
46 94 33 11 77 10 71 15
14 58
63 86 59 88 81 94 71 28 22 38 72 80 5
5 28
22 83 57 29
9 49
38 23 90 6 58 84 5 78
12 8
10 86 92 36 99 40 10 75 33 9 32
10 32
44 14 68 39 27 80 92 93 30
8 71
69 74 58 59 14 11 29
9 76
72 1 63 33 56 64 54 30
18 60
16 49 51 87 38 12 50 30 67 36 36 4 29 21 12 44 25
6 25
8 17 48 68 18
10
5 6 1 6 74
3 1 6 8 97
1 6 9 7 35
4 5 9 13 98
8 4 6 1 74
7 2 9 3 89
2 1 8 6 63
9 17 7 5 37
5 8 2 11 3
6 1 1 3 2
10
8 2 1 8
1 2 2 7
4 5 3 4
2 10 3 4
8 1 3 3
3 1 1 7
2 5 2 3
1 1 7 5
8 1 8 5
1 2 8 3

10
9 39
57 45 1 78 76 70 34 68
7 88
93 32 65 3 8 24
13 42
68 2 11 61 2 80 95 96 25 22 94 19
10 98
56 23 22 37 10 9 7 6 68
9 64
78 42 66 10 79 2 60 18
10 29
37 11 36 68 9 5 51 63 40
11 41
8 62 22 67 23 47 77 28 88 13
14 24
17 13 90 16 86 10 80 54 63 63 85 60 55
8 22
10 5 11 70 63 70 100
9 32
70 92 9 81 9 5 71 39
10
5 1 2 6 63
3 11 9 5 29
5 2 7 10 33
9 6 3 6 42
4 3 7 7 51
8 11 10 5 33
4 2 8 13 93
10 6 4 7 19
2 1 10 6 38
2 4 3 8 73
10
4 6 8 10
5 3 9 5
10 4 4 3
7 1 10 1
2 5 2 2
7 3 8 1
10 3 9 2
9 3 2 3
4 1 6 6
9 5 2 4

10
9 26
91 31 81 81 72 72 6 71
7 42
39 59 100 65 25 93
9 49
40 11 54 33 54 93 23 25
13 33
61 64 10 23 52 59 46 32 51 75 91 55
9 17
5 9 89 77 72 77 37 42
14 89
21 12 19 27 83 62 16 26 77 52 55 79 59
11 72
87 67 94 29 85 96 37 11 82 13
9 67
75 18 13 47 85 39 34 40
7 62
10 18 61 78 60 75
12 6
97 66 67 13 45 94 50 32 43 62 36
10
2 6 10 6 84
4 11 10 6 62
5 2 10 8 31
5 8 3 4 44
8 3 2 3 16
1 2 3 1 58
4 6 7 3 45
1 4 7 2 36
2 4 1 8 17
7 3 9 2 99
10
4 2 4 11
8 5 2 2
8 2 4 6
3 6 1 5
10 6 2 3
10 10 8 7
8 6 7 3
4 10 1 1
5 3 7 2
7 10 9 6

10
9 11
83 75 79 93 64 21 96 66
10 64
85 80 66 61 17 68 23 79 29
14 72
52 24 68 56 14 25 23 22 25 14 72 89 58
11 53
97 12 39 58 14 21 91 12 49 21
11 56
52 8 73 49 87 64 73 46 83 10
11 77
34 85 78 58 23 33 73 29 8 87
8 94
9 18 46 4 81 28 61
9 100
79 33 9 97 69 17 38 50
11 35
19 86 13 51 5 44 95 74 80 83
6 88
92 61 95 40 50
10
10 2 3 13 65
6 2 3 1 50
4 7 1 7 17
9 4 7 3 65
8 2 7 1 16
5 6 9 3 51
10 5 9 2 48
6 7 1 8 81
3 5 8 3 74
6 3 9 2 16
10
5 1 5 3
1 4 7 1
2 9 10 1
6 9 2 3
6 10 5 3
3 8 6 10
1 1 5 3
1 8 10 2
8 5 9 10
8 2 10 5
