100

757 679 723
711 4 882
363 646 164
314 769 221
418 809 900
512 512 256
269 69 48
1 4 1
804 372 90
513 513 1
510 657 171
2 1 1
211 216 36
512 512 257
589 529 4
513 513 2
2 4 1
1 1 1000
1000 1000 1
5 5 5
1 5 4
405 445 848
556 451 220
29 121 766
512 512 2
7 8 5
2 4 2
84 183 445
885 167 4
22 486 978
740 947 169
807 433 163
190 198 969
3 4 2
590 235 99
513 513 256
719 487 626
829 846 740
513 513 512
322 168 121
2 3 1
4 5 2
512 512 1
54 647 204
4 2 2
103 143 88
465 331 141
730 356 487
976 352 835
4 4 5
888 557 255
781 217 417
681 911 352
552 150 599
159 487 13
216 169 9
3 5 3
703 732 844
702 237 23
2 5 1
858 515 786
4 1 1
607 124 445
625 837 830
5 1 1
470 455 424
899 82 13
460 772 371
641 459 268
465 545 751
518 368 208
2 1 3
1 5 3
399 974 48
743 924 496
749 885 78
45 56 35
1 3 5
170 342 56
702 228 94
139 917 62
889 720 600
894 973 894
650 831 810
855 915 863
513 513 257
3 2 2
5 1 1
1 1 1
572 975 804
798 24 24
512 512 513
690 566 377
2 4 1
115 519 70
699 108 370
558 454 299
808 862 839
3 5 4
109 635 97
