100 100 100
68 42
1 35
25 70
59 79
65 63
46 6
28 82
92 62
43 96
37 28
5 92
54 3
83 93
17 22
96 19
27 48
39 72
13 70
100 68
95 36
12 4
34 23
65 74
12 42
69 54
45 48
58 63
60 38
42 24
79 30
36 17
43 91
7 89
43 41
49 65
6 47
30 91
51 71
2 7
49 94
24 30
55 85
41 57
77 67
9 32
40 45
24 27
39 38
83 19
42 30
16 34
59 40
31 5
7 78
87 74
46 22
73 25
30 71
74 78
13 98
91 87
37 62
68 56
75 56
53 32
51 51
25 42
31 67
92 8
38 8
88 58
84 54
10 46
59 10
89 22
47 23
31 7
69 14
92 1
56 63
60 11
38 25
84 49
42 96
51 3
37 92
21 75
22 97
100 49
85 69
35 82
100 54
39 19
89 1
68 28
94 29
84 49
22 8
18 11
15 14
1000
17 10
52 36
50 1
57 20
4 99
9 25
10 45
3 90
86 96
44 94
88 24
4 15
1 49
19 59
97 81
82 99
99 90
58 10
23 73
93 39
80 39
58 91
92 59
89 16
12 57
35 3
56 73
47 29
87 63
34 76
43 70
17 45
99 82
52 23
100 22
77 58
90 93
13 76
11 1
70 4
89 62
90 2
24 56
86 3
86 83
27 89
58 18
33 33
55 70
90 22
30 77
93 69
56 26
50 35
13 42
61 46
54 19
24 40
97 80
30 88
38 50
50 67
96 94
17 98
6 87
83 89
35 56
2 15
72 17
64 87
56 14
54 86
9 13
46 33
57 14
59 22
83 47
45 82
23 97
62 30
51 36
67 74
60 45
40 93
25 54
11 55
50 46
14 87
23 75
19 69
6 88
92 59
26 3
15 78
25 15
75 35
60 73
71 34
98 88
78 19
71 74
69 64
86 93
81 3
28 14
100 3
26 28
25 44
73 24
82 62
33 4
94 6
32 26
43 93
87 23
1 65
61 88
75 14
71 71
34 36
61 12
68 97
51 86
95 41
25 96
26 20
95 77
3 59
67 72
94 79
85 52
65 19
53 20
88 1
27 61
58 11
16 71
28 77
59 44
10 65
87 83
88 66
75 78
28 26
29 30
21 24
63 3
97 24
62 38
26 96
61 65
17 3
27 31
72 12
48 12
21 54
25 91
64 89
52 41
30 63
14 1
79 59
8 66
1 78
40 59
61 4
25 58
9 78
88 14
51 2
29 61
85 94
41 6
5 12
57 36
51 73
86 24
17 57
58 27
58 27
72 38
62 70
23 97
13 18
97 18
42 86
30 24
66 30
33 60
56 97
63 54
35 85
73 55
70 58
64 33
84 8
36 12
49 68
39 76
43 24
12 55
76 42
26 60
71 22
35 27
84 6
99 51
2 80
35 94
35 38
94 57
6 77
49 63
1 82
42 14
56 56
63 43
78 12
79 25
44 53
74 97
14 41
73 76
11 19
33 18
96 13
32 70
89 41
91 86
90 98
46 91
15 54
41 52
59 45
60 36
6 93
82 65
30 4
9 76
98 93
57 50
28 62
42 68
41 30
75 14
78 2
84 16
93 14
2 25
60 93
29 71
85 28
87 76
71 99
48 88
4 5
64 22
64 7
72 11
41 90
43 65
14 20
5 92
33 19
6 51
40 76
23 4
48 99
49 85
65 72
76 14
13 46
79 47
63 70
86 20
45 90
41 66
9 46
71 19
24 2
73 33
88 53
64 71
4 2
28 24
70 1
66 16
44 29
89 48
38 44
64 10
82 50
43 89
61 9
59 22
89 55
91 47
44 50
21 31
68 49
84 37
27 36
39 86
30 54
49 25
60 24
67 58
56 45
27 19
26 12
2 56
97 50
16 85
43 65
14 76
97 43
73 49
7 27
30 74
6 5
13 27
94 76
37 66
42 37
95 15
53 57
39 37
56 83
32 16
42 31
12 26
87 38
51 91
35 63
54 94
53 17
63 9
55 34
35 4
57 4
25 49
14 18
29 10
81 1
59 19
56 51
65 62
77 4
10 44
62 3
49 90
54 83
21 75
24 3
70 32
60 79
20 9
4 72
82 46
93 5
14 86
90 99
39 23
11 38
35 62
62 9
94 60
70 16
70 38
1 59
65 72
16 18
16 56
40 31
89 13
55 83
11 86
75 85
16 81
42 52
80 16
99 11
89 74
33 78
90 57
9 14
91 42
64 24
85 29
1 79
86 72
72 75
68 34
96 54
26 69
30 77
99 51
94 10
81 87
50 17
29 68
65 80
6 22
17 27
27 17
88 67
65 82
87 41
63 22
65 22
16 10
74 3
42 25
63 46
32 24
69 7
3 19
8 8
13 82
31 37
10 15
57 85
94 91
53 97
46 55
49 9
13 92
15 32
59 40
5 23
53 96
80 70
24 39
67 19
99 60
97 87
34 63
23 59
93 47
26 38
59 48
8 3
31 99
1 93
100 79
49 53
41 83
76 16
68 63
98 37
98 19
52 29
31 17
26 50
30 59
41 21
48 61
56 63
93 76
55 62
47 99
47 15
70 89
64 39
16 76
76 22
29 16
71 35
65 6
63 58
25 62
70 50
24 31
34 51
11 26
37 38
79 38
37 94
65 15
50 92
6 36
5 38
24 38
71 65
69 9
86 82
74 53
95 53
27 77
73 97
41 50
20 75
12 44
90 42
66 20
86 6
51 17
10 16
67 65
75 94
1 10
74 96
62 90
69 73
32 59
27 69
23 11
80 75
53 11
92 83
65 96
65 75
56 3
75 61
22 73
48 23
90 78
96 6
51 95
55 44
13 82
40 73
13 29
68 63
16 9
24 9
35 60
87 5
59 20
7 46
1 67
93 68
33 88
75 57
22 48
23 84
77 32
49 84
83 24
77 19
12 21
57 83
26 91
87 25
70 78
35 44
69 78
92 69
84 97
28 29
72 27
13 98
28 4
46 9
86 9
38 39
14 44
51 2
12 29
50 51
55 93
82 70
68 66
94 14
73 35
31 73
43 2
78 78
3 71
82 65
24 91
24 38
96 80
28 70
11 43
59 83
88 27
29 71
59 52
61 14
87 84
11 43
29 73
42 35
4 19
66 68
82 39
51 58
99 15
62 59
57 64
79 8
36 90
76 66
87 87
61 34
49 31
93 29
41 34
36 67
100 11
93 38
29 83
70 53
95 45
53 9
33 48
9 36
98 65
50 44
42 16
1 90
49 13
52 24
34 75
1 92
91 55
20 98
79 81
45 32
88 41
26 100
39 84
94 93
12 53
35 61
98 41
30 86
6 41
93 92
50 11
80 79
78 72
94 74
98 21
77 27
83 91
60 79
90 19
50 60
73 25
9 81
9 68
4 78
8 71
75 97
12 23
62 20
91 57
84 64
33 17
42 53
14 55
97 63
16 61
100 5
81 37
33 99
85 88
18 41
71 7
83 42
24 50
6 59
96 22
17 97
79 79
59 80
51 78
30 8
96 82
77 79
100 54
66 85
9 94
44 73
15 30
56 69
74 92
49 23
87 52
47 45
18 78
17 30
92 75
13 70
94 47
16 92
58 50
53 41
52 37
27 88
56 63
95 84
98 81
66 66
62 14
79 79
41 79
48 12
71 46
90 76
50 51
66 34
83 15
33 8
68 97
83 23
42 11
88 32
80 6
39 22
48 52
47 9
60 77
23 90
87 67
29 56
61 15
78 54
4 49
32 62
56 83
7 98
22 53
82 97
56 22
25 48
36 19
75 77
99 60
54 75
36 23
89 44
33 54
81 48
79 27
2 51
100 62
64 56
74 17
46 62
75 74
54 51
88 82
11 100
66 44
30 73
13 82
82 77
91 48
6 72
33 73
21 90
32 66
94 59
79 7
7 49
67 72
98 97
95 21
89 30
85 10
79 70
16 18
85 27
7 69
98 29
91 19
86 100
100 87
11 21
14 72
86 16
81 19
68 32
45 88
8 87
28 61
32 75
72 53
94 69
38 86
5 12
7 78
23 69
1 14
38 43
89 39
90 56
82 48
85 94
62 88
18 94
83 2
66 48
5 54
96 85
22 26
82 65
7 73
44 57
81 94
69 81
14 12
52 69
80 17
41 69
34 32
64 80
54 60
96 37
75 66
36 21
77 81
26 56
9 72
57 60
33 3
41 6
63 76
63 86
37 81
3 98
81 9
77 41
94 59
47 41
74 75
81 98
73 36
8 1
67 56
89 42
69 82
97 16
10 26
37 13
63 56
43 44
23 22
49 13
69 19
15 18
91 51
60 36
96 70
41 4
100 80
92 6
82 62
54 53
30 34
43 88
84 54
15 21
45 19
30 64
65 53
71 70
48 6
88 95
77 27
41 24
91 80
11 89
46 72
71 22
90 84
79 56
7 80
36 63
97 88
89 34
80 36
91 94
66 63
6 2
68 8
35 70
58 72
46 99
19 98
45 39
64 73
65 29
24 2
5 91
28 2
93 98
64 72
64 2
66 22
46 22
96 11
23 42
52 13
56 16
39 94
83 80
55 9
8 23
39 46
91 45
55 40
24 5
79 26
82 25
34 31
95 24
47 31
46 88
17 6
90 51
64 39
98 36
31 10
9 25
75 38
73 21
56 94
62 35
7 57
76 85
20 83
33 42
80 85
84 80
37 68
19 26
29 38
78 20
92 38
96 57
2 61
33 94
81 37
8 76
75 85
91 20
42 77
30 52
75 91
92 73
88 90
40 91
54 94
82 64
6 4
80 77
40 96
99 69
40 84
22 16
27 94
39 23
82 29
79 100
24 92
35 44
50 44
8 3
42 3
47 88
38 92
1 14
91 17
36 63
11 27
83 78
90 61
75 6
23 64
67 96
39 61
12 89
68 46
68 26
43 90
48 64
18 3
24 100
4 27
52 49
37 71
68 59
6 57
63 32
76 20
32 57
45 96
4 92
16 89
20 51
92 73
34 84
43 76
1 70
79 55
58 86
