0
0
0
0
594
462
486
612
280
567
0
297
648
387
0
448
0
0
434
0
0
525
0
0
462
0
434
0
0
441
434
387
0
0
0
0
212
462
0
0
0
0
387
0
0
567
0
100
434
0
462
0
0
0
462
0
0
387
0
567
297
434
0
567
567
240
342
336
0
418
0
567
216
0
0
0
0
567
567
0
0
308
0
567
387
468
0
567
434
434
567
0
0
483
0
0
434
0
0
0
225
0
280
0
0
0
141
387
0
0
0
0
0
567
0
648
484
0
100
174
0
468
567
0
567
0
0
612
300
0
0
0
0
0
387
0
434
462
0
486
0
0
220
0
140
198
0
0
0
567
400
0
236
0
0
387
567
418
0
342
0
0
522
648
308
0
387
504
0
0
344
315
0
270
0
434
0
387
0
0
0
372
567
330
0
567
0
0
342
567
0
567
0
0
0
0
0
434
441
0
462
0
387
0
0
0
0
630
567
132
0
558
300
648
0
62
0
0
0
260
378
462
165
396
0
0
434
0
0
384
567
400
294
0
0
567
0
0
504
0
0
387
434
0
0
0
0
0
528
506
434
0
0
448
567
182
0
0
0
567
400
462
576
0
558
441
0
567
567
308
0
462
0
310
0
567
400
504
0
0
0
0
264
0
0
0
0
0
0
165
0
0
567
0
0
0
0
260
246
0
0
387
567
342
0
0
0
0
0
0
630
0
567
400
462
0
0
462
434
0
462
0
400
0
0
236
0
567
0
0
462
0
567
342
567
0
0
0
0
0
387
330
0
0
0
0
0
0
486
0
567
567
434
0
0
440
0
594
0
0
567
448
0
468
342
0
0
0
0
648
308
198
387
0
0
567
567
372
546
294
0
0
0
483
0
216
0
0
0
648
0
156
0
0
434
462
0
0
219
0
434
352
462
378
0
0
396
0
0
0
0
0
0
0
0
0
396
100
567
290
185
546
0
567
235
0
567
400
0
462
567
0
387
0
0
0
342
387
0
387
0
0
567
648
0
188
567
0
0
0
0
0
0
387
342
0
308
300
0
248
567
0
372
0
441
0
0
0
0
0
387
0
246
297
462
75
0
567
0
567
558
576
387
0
0
0
0
0
462
396
294
434
462
0
0
0
0
198
0
372
336
378
462
300
342
434
0
0
0
0
468
352
0
0
434
0
0
0
567
0
567
434
462
0
0
0
342
0
0
540
648
0
567
0
387
567
0
567
0
0
462
546
567
0
300
165
300
0
320
162
0
567
0
0
0
75
462
0
462
100
567
0
0
0
0
434
0
100
612
0
567
387
0
434
468
506
0
434
0
0
0
468
434
0
396
200
0
295
0
0
400
0
567
0
73
0
0
0
0
434
0
0
567
0
0
0
297
504
0
0
0
648
0
0
434
648
0
567
210
0
0
567
567
0
462
342
0
567
558
0
0
0
0
0
0
0
245
440
0
295
0
546
504
594
522
372
462
0
0
0
0
294
462
0
387
0
0
567
228
387
0
0
387
558
0
567
70
462
483
0
0
140
0
374
567
434
400
434
372
0
0
0
483
378
0
462
0
567
0
0
0
567
300
0
0
100
0
70
504
0
0
0
100
0
0
0
468
0
0
0
0
0
235
0
434
567
0
344
0
0
594
342
567
567
387
320
0
387
0
165
0
434
0
0
342
0
0
630
0
0
0
308
0
0
0
567
0
434
567
0
0
558
434
567
400
0
0
540
300
0
0
0
0
0
198
0
540
0
0
448
0
462
462
0
0
0
567
567
387
434
0
0
567
270
540
434
360
132
0
0
0
315
462
567
0
0
576
0
198
0
540
280
338
300
0
434
0
434
0
374
295
0
0
0
280
387
504
124
0
0
352
440
546
612
0
0
0
0
110
384
0
0
0
0
350
0
462
0
0
100
0
0
0
264
0
0
0
0
0
0
0
0
236
567
0
396
0
400
0
0
0
212
0
0
0
567
434
0
0
0
540
342
0
0
0
159
0
0
0
434
434
567
567
0
352
0
0
576
0
384
308
0
0
0
0
387
0
0
567
0
0
462
231
0
0
0
0
0
0
0
0
567
0
0
0
0
0
462
0
0
567
0
540
372
567
232
300
0
434
330
344
0
0
0
630
567
0
522
372
0
462
306
372
0
156
567
567
0
0
0
567
0
567
0
567
0
0
448
567
165
0
0
0
567
567
360
0
342
462
0
0
0
400
468
308
567
0
0
567
400
0
567
506
0
434
0
558
0
0
342
567
594
567
387
0
567
441
648
0
525
