0.7337
0.7968
0.8127
0.6865
0.7250
0.8563
0.8972
0.8071
0.8071
0.7992
0.8563
0.8317
0.8425
0.8425
0.7841
0.6786
0.8234
0.7806
0.7341
0.7817
0.6988
0.7675
0.7833
0.8246
0.8202
0.8028
0.8202
0.7341
0.8056
0.7052
0.7345
0.8488
0.8127
0.7925
0.7810
0.9016
0.8036
0.7444
0.7877
0.8063
0.7960
0.7972
0.8246
0.7571
0.8147
0.8794
0.7611
0.7980
0.8131
0.6869
0.7810
0.7607
0.6786
0.8179
0.8266
0.7738
0.8349
0.8448
0.7310
0.7250
0.7556
0.7278
0.6921
0.8286
0.8571
0.8179
0.7782
0.7770
0.7738
0.7500
0.7988
0.8127
0.8071
0.8063
0.8401
0.8599
0.8127
0.7417
0.9008
0.8389
0.8373
0.8353
0.8242
0.8611
0.8032
0.8369
0.7433
0.8167
0.7750
0.7873
0.7631
0.7861
0.7758
0.7194
0.8381
0.7849
0.7877
0.7516
0.6429
0.7516
