0.6766
0.6444
0.8127
0.6222
0.6405
0.5921
0.8972
0.7786
0.7786
0.6444
0.7968
0.7365
0.7829
0.7829
0.6444
0.6786
0.6687
0.7806
0.6746
0.6865
0.6226
0.5841
0.7833
0.7365
0.7607
0.8028
0.7607
0.6746
0.6806
0.5861
0.6179
0.7167
0.6806
0.7925
0.6762
0.8730
0.6202
0.7444
0.6687
0.7468
0.7365
0.6722
0.7365
0.7286
0.8147
0.8508
0.7611
0.7385
0.6583
0.6202
0.7810
0.7321
0.6190
0.7226
0.8266
0.7143
0.7587
0.5802
0.6738
0.6405
0.6317
0.6040
0.5444
0.7690
0.8286
0.7226
0.7187
0.6222
0.6202
0.5940
0.7702
0.7365
0.7786
0.7468
0.7448
0.7409
0.7365
0.6167
0.8413
0.8389
0.6825
0.6806
0.7226
0.8611
0.7460
0.8369
0.6242
0.8167
0.7750
0.6921
0.6083
0.6623
0.7163
0.5944
0.7365
0.7563
0.6687
0.7230
0.5302
0.6921
